100
M_minutiflora_PP135302.1          0.0000000 0.0367002 0.0318288 0.0298965 0.0308801 0.0339230 0.0356113 0.0329741 0.0330205 0.0342280 0.0331760 0.0333112 0.0339711 0.0354515 0.0347324 0.0347434 0.0331394 0.0223307 0.0161464 0.0195841 0.0199518 0.0195841 0.0273273 0.0218290 0.0236714 0.0216784 0.0216482 0.0237695 0.0235438 0.0232944 0.0242028 0.0217971 0.0179282 0.0233299 0.0178340 0.0201199 0.0182237 0.0178350 0.0297740 0.0256524 1.0840280 1.1586595 1.0726714 1.0951626 1.0712650 1.2140461 1.0532751 1.0573636 1.0713454 1.1233095 1.0493476 1.0635934 1.0890259 1.1044057 1.0530866 1.0633637 1.0488683 1.0620945 1.0588890 1.0588890 1.0676823 1.0211970 1.0217638 1.0675154 1.0588890 1.0836680 1.0527221 1.0343300 1.0439524 1.0049882 1.0322266 1.0441975 1.0441975 1.0192845 1.0441975 1.0322266 1.0530380 1.0441975 1.0407956 1.0322266 1.0288322 1.0640807 1.0297496 1.0687356 1.0471279 1.0401746 1.0471279 1.0593407 1.0707264 1.0617579 1.1207855 1.0505496 1.0471279 1.0197578 1.0673205 1.0295854 1.1373123 1.0548484 1.0325614 1.1529626 
M_restingae_PP135330.1            0.0367002 0.0000000 0.0026074 0.0266083 0.0220265 0.0221588 0.0163174 0.0191218 0.0190824 0.0191538 0.0233114 0.0232858 0.0218933 0.0176705 0.0218511 0.0247638 0.0190711 0.0253788 0.0208083 0.0178481 0.0177915 0.0178104 0.0234391 0.0163814 0.0205874 0.0191980 0.0191373 0.0205439 0.0206534 0.0205656 0.0235475 0.0268352 0.0235707 0.0251213 0.0221343 0.0221930 0.0207717 0.0208150 0.0178403 0.0193685 0.9917541 1.0432811 1.0052897 1.0102150 1.0069349 1.0414602 0.9859692 0.9888712 0.9943989 1.0252521 0.9873834 1.0016703 0.9888340 1.0404393 0.9967901 0.9990048 0.9940463 1.0038444 1.0010752 1.0010752 1.0075336 0.9743233 0.9764024 1.0527539 1.0431061 1.0058555 1.0034445 0.9792030 0.9855893 0.9852448 0.9777599 0.9861373 0.9861373 0.9684104 0.9861373 0.9777599 0.9861373 0.9861373 0.9836833 0.9777599 0.9753173 0.9909910 0.9753042 1.0022472 0.9946202 0.9830193 0.9874071 0.9963308 0.9981428 0.9981428 0.9966697 0.9902067 0.9877418 0.9731815 1.0013544 0.9759451 1.0369859 1.0081565 0.9930449 1.0455402 
M_pulchella_PP135329.1            0.0318288 0.0026074 0.0000000 0.0232867 0.0186991 0.0188493 0.0132117 0.0159064 0.0158901 0.0162037 0.0199542 0.0199333 0.0187355 0.0145083 0.0185507 0.0213524 0.0158605 0.0217594 0.0176228 0.0146574 0.0146123 0.0146273 0.0200898 0.0146165 0.0173345 0.0159876 0.0160516 0.0172989 0.0175128 0.0173166 0.0202856 0.0234828 0.0202038 0.0218450 0.0188117 0.0190001 0.0176147 0.0176322 0.0146695 0.0161049 0.9875072 1.0410288 1.0108833 1.0121200 1.0080975 1.0430759 0.9871130 0.9900141 0.9999453 1.0265593 0.9885376 1.0028314 0.9902260 1.0418906 0.9998731 1.0045638 0.9995898 1.0092785 1.0065747 1.0065747 1.0129669 0.9754554 0.9775561 1.0540908 1.0442901 1.0073072 1.0053955 0.9847584 0.9911408 0.9864273 0.9808788 0.9864353 0.9916497 0.9740577 0.9916497 0.9833205 0.9976623 0.9916497 0.9892169 0.9833205 0.9808991 1.0052874 0.9809535 1.0077552 1.0001394 0.9885432 0.9816816 1.0017862 1.0096865 1.0011797 1.0285368 0.9957299 0.9932863 0.9743139 1.0044067 0.9815126 1.0385400 1.0093580 0.9942354 1.0471059 
M_splendens_PP135304.1            0.0298965 0.0266083 0.0232867 0.0000000 0.0274796 0.0264001 0.0261201 0.0246729 0.0246468 0.0278864 0.0288709 0.0287784 0.0274686 0.0260744 0.0274160 0.0302788 0.0275049 0.0202205 0.0191464 0.0161083 0.0161418 0.0161083 0.0216204 0.0175246 0.0188889 0.0174501 0.0176123 0.0188692 0.0191059 0.0188300 0.0188122 0.0235982 0.0174895 0.0203886 0.0203554 0.0191004 0.0177040 0.0176845 0.0189439 0.0178826 1.0300011 1.0890513 1.0367913 1.0512425 1.0347821 1.0923374 1.0128972 1.0158417 1.0251113 1.0700174 1.0145925 1.0293618 1.0353317 1.0971555 1.0251401 1.0300066 1.0247264 1.0343630 1.0318369 1.0318369 1.0382218 1.0007248 1.0033642 1.0947324 1.0723350 1.0324179 1.0275765 1.0092634 1.0159207 1.0130875 1.0053260 1.0110072 1.0162771 0.9984825 1.0162771 1.0077842 1.0224711 1.0162771 1.0138285 1.0077842 1.0053464 1.0302675 1.0057035 1.0331119 1.0251899 1.0130805 1.0062674 1.0266207 1.0348467 1.0261400 1.0339199 1.0205946 1.0181352 0.9995672 1.0296913 1.0059252 1.0857266 1.0369856 1.0212556 1.0949645 
M_tomentosa_PP135323.1            0.0308801 0.0220265 0.0186991 0.0274796 0.0000000 0.0039409 0.0146473 0.0117442 0.0130728 0.0149632 0.0158422 0.0171930 0.0147416 0.0132745 0.0142730 0.0170461 0.0145148 0.0232998 0.0187189 0.0182295 0.0172785 0.0170089 0.0212283 0.0200011 0.0186013 0.0198586 0.0200200 0.0214178 0.0187559 0.0210184 0.0217157 0.0258207 0.0225899 0.0240325 0.0225273 0.0189134 0.0203271 0.0200023 0.0160118 0.0201550 1.0044505 1.0861146 1.0259936 1.0350483 1.0183804 1.0816953 0.9969709 0.9998998 1.0096174 1.0510878 0.9985037 1.0130349 1.0220296 1.0763360 1.0145941 1.0143586 1.0142349 1.0239086 1.0213042 1.0213042 1.0277022 0.9901360 0.9925508 1.0860813 1.0607041 1.0219499 1.0205503 0.9990129 1.0055649 1.0019303 0.9950934 1.0007312 1.0059864 0.9882482 1.0059864 0.9975487 1.0121139 1.0059864 1.0035404 0.9975487 0.9951137 1.0198511 0.9953431 1.0225417 1.0147357 1.0028225 0.9959777 1.0162600 1.0243612 1.0157254 1.0548177 1.0102106 1.0077538 0.9889829 1.0191451 0.9957082 1.0828387 1.0254615 1.0099603 1.0920427 
M_selloi_PP135322.1               0.0339230 0.0221588 0.0188493 0.0264001 0.0039409 0.0000000 0.0134572 0.0121036 0.0120910 0.0150236 0.0161655 0.0161484 0.0148813 0.0133958 0.0147776 0.0175655 0.0147318 0.0252391 0.0206449 0.0175819 0.0175452 0.0175452 0.0231127 0.0189339 0.0202807 0.0189319 0.0190288 0.0202807 0.0205140 0.0202807 0.0233147 0.0250581 0.0217099 0.0233868 0.0218009 0.0190858 0.0205110 0.0191473 0.0164103 0.0206028 0.9875790 1.0748928 1.0138333 1.0100173 1.0113579 1.0702294 0.9849509 0.9878582 1.0004202 1.0429913 0.9942687 1.0060446 1.0069892 1.0635118 1.0027395 1.0024858 1.0024413 1.0121345 1.0120280 1.0094478 1.0158458 0.9782931 0.9804559 1.0707876 1.0475152 1.0127296 1.0083498 0.9900040 0.9989886 0.9948483 0.9836321 0.9916987 0.9969361 0.9792628 0.9969361 0.9885542 1.0030000 0.9969361 0.9944947 0.9885542 0.9861240 1.0081275 0.9837404 1.0106403 1.0106834 0.9988239 0.9919536 1.0096850 1.0125514 1.0040132 1.0395535 1.0036188 1.0011625 0.9822544 1.0098599 0.9842628 1.0717952 1.0267950 1.0111868 1.0808941 
M_eugeniopsoides_PP135324.1       0.0356113 0.0163174 0.0132117 0.0261201 0.0146473 0.0134572 0.0000000 0.0025738 0.0038598 0.0121510 0.0145571 0.0145428 0.0133689 0.0105318 0.0131969 0.0159299 0.0118463 0.0249337 0.0203166 0.0159446 0.0159282 0.0159110 0.0227298 0.0172382 0.0199429 0.0172550 0.0173418 0.0186200 0.0201686 0.0185809 0.0230660 0.0218397 0.0213721 0.0216278 0.0200837 0.0161231 0.0175205 0.0174660 0.0147649 0.0175340 0.9729132 1.0467687 0.9995619 1.0007551 0.9964047 1.0489803 0.9755368 0.9784572 0.9888064 1.0228051 0.9768610 0.9911358 0.9859842 1.0378229 0.9886902 0.9933632 0.9884598 0.9982920 0.9954778 0.9954778 1.0019527 0.9639544 0.9658433 1.0504219 1.0324892 0.9962856 0.9939647 0.9737194 0.9800606 0.9744548 0.9698167 0.9753879 0.9806435 0.9629181 0.9806435 0.9722820 0.9866517 0.9806435 0.9781872 0.9722820 0.9698371 0.9942971 0.9697575 0.9966316 0.9890536 0.9775379 0.9705677 0.9908155 0.9986723 0.9901463 1.0140427 0.9846707 0.9822034 0.9628058 0.9932740 0.9704741 1.0341578 0.9972765 0.9822120 1.0427534 
M_multipunctata_PP135326.1        0.0329741 0.0191218 0.0159064 0.0246729 0.0117442 0.0121036 0.0025738 0.0000000 0.0025297 0.0121737 0.0117646 0.0117986 0.0106140 0.0105502 0.0103186 0.0130236 0.0117984 0.0233264 0.0187761 0.0130100 0.0131599 0.0129955 0.0212696 0.0144931 0.0172231 0.0144642 0.0145066 0.0158715 0.0187152 0.0156259 0.0216692 0.0202943 0.0213031 0.0200176 0.0170745 0.0148307 0.0162272 0.0159686 0.0106266 0.0174275 0.9972478 1.0549543 1.0097322 1.0109713 1.0068928 1.0573688 0.9858020 0.9887217 0.9987536 1.0378679 0.9872233 1.0015965 1.0017677 1.0546928 0.9986763 1.0033906 0.9983971 1.0081529 1.0054233 1.0054233 1.0118582 0.9740871 0.9761747 1.0660435 1.0432802 1.0061675 1.0042028 0.9834955 0.9899078 0.9850673 0.9795923 0.9851806 0.9904277 0.9727249 0.9904277 0.9820500 0.9964721 0.9904277 0.9879792 0.9820500 0.9796127 1.0041402 0.9796518 1.0066074 0.9989545 0.9873046 0.9803935 1.0006224 1.0085603 1.0000059 1.0508748 0.9945240 0.9920647 0.9729383 1.0032398 0.9802323 1.0522082 1.0081205 0.9929154 1.0610189 
M_ferruginosa_PP135325.1          0.0330205 0.0190824 0.0158901 0.0246468 0.0130728 0.0120910 0.0038598 0.0025297 0.0000000 0.0121604 0.0144558 0.0144831 0.0133390 0.0105399 0.0129663 0.0157119 0.0117870 0.0232706 0.0187567 0.0156794 0.0158771 0.0156777 0.0212260 0.0171681 0.0185422 0.0171338 0.0171841 0.0185601 0.0186766 0.0182723 0.0216240 0.0230516 0.0212594 0.0227369 0.0197474 0.0175655 0.0189734 0.0187091 0.0133056 0.0174095 1.0086867 1.0760593 1.0242355 1.0255480 1.0218390 1.0790165 1.0003214 1.0032547 1.0128825 1.0550903 1.0018887 1.0164757 1.0197314 1.0740591 1.0128613 1.0176576 1.0125105 1.0222044 1.0195828 1.0195828 1.0259914 0.9883611 0.9907423 1.0839862 1.0588584 1.0202399 1.0187770 0.9973071 1.0038510 1.0000790 0.9933850 0.9990236 1.0042837 0.9865296 1.0042837 0.9958433 1.0104087 1.0042837 1.0018347 0.9958433 0.9934054 1.0181467 0.9936138 1.0208158 1.0130181 1.0011209 0.9942611 1.0145597 1.0226525 1.0140156 1.0650430 1.0084984 1.0060386 0.9872070 1.0174186 0.9940033 1.0729493 1.0235852 1.0080984 1.0820406 
M_anacardiifolia_PP135317.1       0.0342280 0.0191538 0.0162037 0.0278864 0.0149632 0.0150236 0.0121510 0.0121737 0.0121604 0.0000000 0.0080181 0.0079933 0.0066680 0.0013169 0.0039733 0.0039696 0.0000010 0.0218925 0.0177395 0.0176610 0.0176431 0.0176430 0.0232604 0.0190635 0.0204019 0.0190415 0.0190211 0.0204229 0.0204868 0.0204010 0.0205596 0.0221181 0.0204115 0.0204878 0.0191161 0.0148656 0.0162690 0.0162525 0.0165001 0.0192932 1.0014035 1.0669242 1.0192699 1.0289447 1.0166171 1.0614467 0.9970794 1.0000129 1.0079219 1.0562061 0.9986156 1.0131707 1.0209132 1.0683930 1.0103881 1.0127009 1.0075513 1.0173732 1.0146851 1.0146851 1.0211735 0.9877542 0.9874785 1.0851321 1.0554418 1.0223238 1.0049796 0.9922896 0.9988575 0.9967260 0.9908164 0.9993266 0.9993266 0.9813952 0.9993266 0.9908164 1.0054896 0.9993266 0.9968510 0.9908164 0.9883519 1.0132871 0.9884996 1.0159146 1.0080822 0.9961436 1.0007086 1.0096856 1.0178120 1.0115832 1.0236563 1.0035448 1.0010580 0.9840067 1.0149855 0.9889644 1.0668769 1.0178008 1.0024201 1.0758886 
M_vittoriana_PP135316.1           0.0331760 0.0233114 0.0199542 0.0288709 0.0158422 0.0161655 0.0145571 0.0117646 0.0144558 0.0080181 0.0000000 0.0025668 0.0012983 0.0065167 0.0038463 0.0090708 0.0077817 0.0248225 0.0229078 0.0171170 0.0171643 0.0170648 0.0253318 0.0185092 0.0212535 0.0184535 0.0185458 0.0199094 0.0227886 0.0197719 0.0258299 0.0244793 0.0239486 0.0228242 0.0212770 0.0174465 0.0188481 0.0186394 0.0146443 0.0215652 1.0139132 1.0423622 1.0136326 1.0130429 1.0090153 1.0444579 0.9897281 0.9926488 1.0025634 1.0424639 0.9911873 1.0056047 1.0066003 1.0529926 1.0025011 1.0072333 1.0022030 1.0119337 1.0092353 1.0092353 1.0156578 0.9779576 0.9801222 1.0707991 1.0474354 1.0099556 0.9958348 0.9872332 0.9936754 0.9891263 0.9833282 0.9889253 0.9941714 0.9764699 0.9941714 0.9857840 1.0002322 0.9941714 0.9917249 0.9857840 0.9833486 1.0079124 0.9834332 1.0104316 1.0027465 0.9910403 0.9841489 1.0043791 1.0123516 1.0037826 1.0456267 0.9982960 0.9958386 0.9768082 1.0070589 0.9839618 1.0504173 1.0122793 0.9970130 1.0592017 
M_spectabilis_PP135314.1          0.0333112 0.0232858 0.0199333 0.0287784 0.0171930 0.0161484 0.0145428 0.0117986 0.0144831 0.0079933 0.0025668 0.0000000 0.0012983 0.0065094 0.0064533 0.0090695 0.0077884 0.0231898 0.0228801 0.0170969 0.0171467 0.0170795 0.0253275 0.0184897 0.0212095 0.0184506 0.0185809 0.0198893 0.0228322 0.0197687 0.0258021 0.0244751 0.0239446 0.0228204 0.0213174 0.0173920 0.0187890 0.0186172 0.0146420 0.0215616 1.0086861 1.0537650 1.0217098 1.0339828 1.0173481 1.0561374 0.9978940 1.0008124 1.0104683 1.0519346 0.9994301 1.0139175 1.0166246 1.0568334 1.0104376 1.0151999 1.0101005 1.0197651 1.0171356 1.0171356 1.0235219 0.9860250 0.9883478 1.0743247 1.0505618 1.0178050 1.0039213 0.9950104 1.0015055 0.9922895 0.9911074 0.9967147 1.0019512 0.9842779 1.0019512 0.9935556 1.0080375 1.0019512 0.9995123 0.9935556 0.9911277 1.0157318 0.9913072 1.0183551 1.0106146 0.9988079 0.9919675 1.0121715 1.0202043 1.0116172 1.0412509 1.0061286 1.0036790 0.9848766 1.0149770 0.9917267 1.0617050 1.0208947 1.0055251 1.0705984 
M_carvalhoi_PP135315.1            0.0339711 0.0218933 0.0187355 0.0274686 0.0147416 0.0148813 0.0133689 0.0106140 0.0133390 0.0066680 0.0012983 0.0012983 0.0000000 0.0052592 0.0052288 0.0078902 0.0065805 0.0233306 0.0218908 0.0160368 0.0159876 0.0159876 0.0243624 0.0173944 0.0201660 0.0173923 0.0174809 0.0187305 0.0217752 0.0187305 0.0244977 0.0234767 0.0229595 0.0218094 0.0202491 0.0162017 0.0176080 0.0175704 0.0135185 0.0205289 1.0079132 1.0529298 1.0210309 1.0204737 1.0166352 1.0552912 0.9971410 1.0000679 1.0097736 1.0512356 0.9986743 1.0131966 1.0157639 1.0627930 1.0097400 1.0145126 1.0094054 1.0191018 1.0164593 1.0164593 1.0228658 0.9852482 0.9875622 1.0799230 1.0553685 1.0171349 1.0031924 0.9942856 1.0007933 0.9967905 0.9903720 0.9959934 1.0012448 0.9835214 1.0012448 0.9928275 1.0073451 1.0012448 0.9987986 0.9928275 0.9903924 1.0150587 0.9905634 1.0176801 1.0099235 0.9980942 0.9912307 1.0114912 1.0195403 1.0109317 1.0209176 1.0054286 1.0029717 0.9840965 1.0142933 0.9909944 1.0609086 1.0201680 1.0047623 1.0698286 
M_flagellaris_PP135318.1          0.0354515 0.0176705 0.0145083 0.0260744 0.0132745 0.0133958 0.0105318 0.0105502 0.0105399 0.0013169 0.0065167 0.0065094 0.0052592 0.0000000 0.0025864 0.0052044 0.0012873 0.0233089 0.0189077 0.0159242 0.0158914 0.0158914 0.0213575 0.0172537 0.0185795 0.0172523 0.0173384 0.0185989 0.0187898 0.0185795 0.0216527 0.0232572 0.0213746 0.0216306 0.0200843 0.0161025 0.0174997 0.0174449 0.0147599 0.0174768 1.0038911 1.0533029 1.0211810 1.0206224 1.0167740 1.0556858 0.9972078 1.0001450 1.0098816 1.0515378 0.9987472 1.0133226 1.0159273 1.0632098 1.0098483 1.0146379 1.0095121 1.0192406 1.0165902 1.0165902 1.0230181 0.9852727 0.9875954 1.0803594 1.0556569 1.0172673 1.0032798 0.9943396 1.0008697 0.9968583 0.9904129 0.9960532 1.0013222 0.9835393 1.0013222 0.9928765 1.0074434 1.0013222 0.9988679 0.9928765 0.9904333 1.0151835 0.9906054 1.0178156 1.0100315 0.9981609 0.9912747 1.0116035 1.0196811 1.0110427 1.0370105 1.0055208 1.0030556 0.9841170 1.0144171 0.9910372 1.0613180 1.0203248 1.0048601 1.0702876 
M_neosericea_PP135393.1           0.0347324 0.0218511 0.0185507 0.0274160 0.0142730 0.0147776 0.0131969 0.0103186 0.0129663 0.0039733 0.0038463 0.0064533 0.0052288 0.0025864 0.0000000 0.0051050 0.0038534 0.0264351 0.0214328 0.0154958 0.0157662 0.0155848 0.0239285 0.0171199 0.0198665 0.0170860 0.0171362 0.0185091 0.0213852 0.0182233 0.0243743 0.0243964 0.0239621 0.0226377 0.0196959 0.0175159 0.0189215 0.0186008 0.0132648 0.0200998 1.0155230 1.0444685 1.0175955 1.0326985 1.0105378 1.0466168 0.9912103 0.9941320 1.0040045 1.0442133 0.9926842 1.0071218 1.0084303 1.0549716 1.0039479 1.0111478 1.0085281 1.0157777 1.0131155 1.0201321 1.0236835 0.9794158 0.9816102 1.0726162 1.0490178 1.0113901 1.0187445 0.9886436 1.0045405 0.9906586 0.9847371 0.9903387 0.9980061 0.9888328 0.9955857 0.9920459 1.0232781 1.0021843 1.0040538 0.9980884 0.9896221 1.0141620 0.9897829 1.0213552 1.0152025 0.9948718 0.9855653 1.0082107 1.0186176 1.0052115 1.1239286 1.0106963 0.9997016 0.9782661 1.0085046 0.9919948 1.0525076 1.0138551 0.9985618 1.0613180 
M_tijucensis_PP135321.1           0.0347434 0.0247638 0.0213524 0.0302788 0.0170461 0.0175655 0.0159299 0.0130236 0.0157119 0.0039696 0.0090708 0.0090695 0.0078902 0.0052044 0.0051050 0.0000000 0.0038575 0.0264351 0.0213884 0.0182922 0.0185043 0.0182553 0.0266954 0.0198939 0.0226306 0.0197935 0.0199131 0.0213051 0.0242070 0.0209717 0.0243999 0.0214786 0.0224644 0.0212518 0.0197762 0.0160414 0.0174331 0.0171220 0.0159548 0.0228689 1.0022602 1.0453389 1.0157581 1.0279551 1.0112105 1.0475049 0.9918887 0.9948074 1.0046491 1.0449367 0.9933675 1.0077963 1.0092420 1.0557611 1.0045951 1.0093329 1.0042869 1.0139954 1.0113165 1.0113165 1.0177265 0.9800973 0.9823029 1.0733230 1.0496657 1.0074853 0.9979716 0.9892922 0.9957455 0.9913607 0.9853894 0.9909867 0.9962280 0.9785415 0.9962280 0.9878421 1.0022927 0.9962280 0.9937846 0.9878421 0.9854097 1.0099730 0.9855194 1.0125183 1.0048224 0.9930950 0.9862201 1.0064343 1.0144187 1.0058492 1.0533352 1.0003646 0.9979104 0.9789487 1.0091458 0.9860189 1.0533570 1.0145470 0.9992615 1.0621620 
M_brasiliensis_PP135319.1         0.0331394 0.0190711 0.0158605 0.0275049 0.0145148 0.0147318 0.0118463 0.0117984 0.0117870 0.0000010 0.0077817 0.0077884 0.0065805 0.0012873 0.0038534 0.0038575 0.0000000 0.0216572 0.0173645 0.0171325 0.0172160 0.0171148 0.0225819 0.0185453 0.0198683 0.0184892 0.0185620 0.0199484 0.0200333 0.0197900 0.0202197 0.0216221 0.0197999 0.0200332 0.0185215 0.0146859 0.0160706 0.0159114 0.0160017 0.0187079 1.0055114 1.0554675 1.0226946 1.0221429 1.0183337 1.0579050 0.9987264 1.0016647 1.0113574 1.0533315 1.0002811 1.0148769 1.0178062 1.0652143 1.0113301 1.0161276 1.0109864 1.0207070 1.0180683 1.0180683 1.0244928 0.9867670 0.9891205 1.0822218 1.0572771 1.0187362 1.0047866 0.9957841 1.0023273 0.9984289 0.9918559 0.9975008 1.0027705 0.9849844 1.0027705 0.9943193 1.0088994 1.0027705 1.0003165 0.9943193 0.9918763 1.0166458 0.9920662 1.0192987 1.0115004 0.9996054 0.9927255 1.0130589 1.0211517 1.0125059 1.0523769 1.0069810 1.0045161 0.9856109 1.0158976 0.9924779 1.0634658 1.0219397 1.0064477 1.0724621 
M_sp.__PP135351.1                 0.0223307 0.0253788 0.0217594 0.0202205 0.0232998 0.0252391 0.0249337 0.0233264 0.0232706 0.0218925 0.0248225 0.0231898 0.0233306 0.0233089 0.0264351 0.0264351 0.0216572 0.0000000 0.0090377 0.0151653 0.0152377 0.0152377 0.0183304 0.0168031 0.0152315 0.0167615 0.0167615 0.0183266 0.0151957 0.0183266 0.0091048 0.0138099 0.0105729 0.0104866 0.0105851 0.0090443 0.0075129 0.0075126 0.0202735 0.0187313 1.0829726 1.1302967 1.0776962 1.0987709 1.0745836 1.1712087 1.0539942 1.0573825 1.0690218 1.1080043 1.0564132 1.0682274 1.0800905 1.0931054 1.0659863 1.0689897 1.0624272 1.0732845 1.0707422 1.0707422 1.0779839 1.0364682 1.0335468 1.0639320 1.0641864 1.0847043 1.0684732 1.0437355 1.0517760 1.0132297 1.0419844 1.0519202 1.0519202 1.0313252 1.0519202 1.0419844 1.0592781 1.0519202 1.0491090 1.0419844 1.0391828 1.0684459 1.0400915 1.0723616 1.0627984 1.0481322 1.0539639 1.0640394 1.0739735 1.0665244 1.0857686 1.0572429 1.0544178 1.0319641 1.0711861 1.0397852 1.1242699 1.0538846 1.0358260 1.1357287 
M_neocaudata_PP135370.1           0.0161464 0.0208083 0.0176228 0.0191464 0.0187189 0.0206449 0.0203166 0.0187761 0.0187567 0.0177395 0.0229078 0.0228801 0.0218908 0.0189077 0.0214328 0.0213884 0.0173645 0.0090377 0.0000000 0.0078137 0.0078981 0.0078212 0.0104828 0.0092264 0.0078711 0.0091522 0.0091708 0.0105745 0.0078637 0.0104611 0.0080084 0.0065841 0.0065047 0.0105035 0.0065312 0.0079291 0.0065944 0.0065109 0.0161536 0.0147618 1.0200154 1.0866728 1.0276707 1.0482975 1.0243059 1.0773108 1.0026796 1.0056205 1.0160743 1.0543274 1.0042738 1.0189227 1.0255616 1.0730985 1.0185800 1.0209463 1.0156939 1.0255020 1.0228710 1.0228710 1.0293603 0.9959112 0.9903628 1.0783703 1.0615000 1.0351703 1.0221108 1.0002191 1.0068794 0.9996478 0.9987319 1.0072986 1.0072986 0.9892954 1.0072986 0.9987319 1.0135234 1.0072986 1.0048169 0.9987319 0.9962612 1.0213806 0.9965084 1.0241322 1.0161968 1.0040849 1.0087458 1.0177297 1.0259659 1.0196745 1.0626142 1.0115962 1.0091033 0.9895009 1.0231840 0.9968626 1.0713551 1.0230374 1.0076275 1.0803639 
M_obversa_PP135374.1              0.0195841 0.0178481 0.0146574 0.0161083 0.0182295 0.0175819 0.0159446 0.0130100 0.0156794 0.0176610 0.0171170 0.0170969 0.0160368 0.0159242 0.0154958 0.0182922 0.0171325 0.0151653 0.0078137 0.0000000 0.0000010 0.0000010 0.0103626 0.0038701 0.0064730 0.0038431 0.0038736 0.0051800 0.0078444 0.0050857 0.0133180 0.0092002 0.0090412 0.0103849 0.0064049 0.0079156 0.0065835 0.0064746 0.0105371 0.0118719 1.0035878 1.0529301 1.0169249 1.0331665 1.0143237 1.0552751 0.9931795 0.9960842 1.0058410 1.0461488 0.9946634 1.0090345 1.0071598 1.0638297 1.0057920 1.0105128 1.0054793 1.0151347 1.0124777 1.0124777 1.0188540 0.9814276 0.9836486 1.0698070 1.0507385 1.0131736 1.0077713 0.9905334 0.9969661 0.9926977 0.9866485 0.9922223 0.9974386 0.9798363 0.9974386 0.9890889 1.0034802 0.9974386 0.9950073 0.9890889 0.9866687 1.0111283 0.9867932 1.0136775 1.0060080 0.9943178 0.9874819 1.0076013 1.0155592 1.0070251 1.0486273 1.0015648 0.9991229 0.9802845 1.0103194 0.9872729 1.0502386 1.0157969 1.0005706 1.0589580 
M_neodimorpha_PP135376.1          0.0199518 0.0177915 0.0146123 0.0161418 0.0172785 0.0175452 0.0159282 0.0131599 0.0158771 0.0176431 0.0171643 0.0171467 0.0159876 0.0158914 0.0157662 0.0185043 0.0172160 0.0152377 0.0078981 0.0000010 0.0000000 0.0000010 0.0104437 0.0038697 0.0064856 0.0038733 0.0038883 0.0051641 0.0078748 0.0051641 0.0132770 0.0107274 0.0104982 0.0119745 0.0065109 0.0093034 0.0079594 0.0079113 0.0106318 0.0120019 1.0028047 1.0561343 1.0162369 1.0175030 1.0136067 1.0585640 0.9924178 0.9953308 1.0051378 1.0454361 0.9938988 1.0083042 1.0098507 1.0630976 1.0050859 1.0098169 1.0047758 1.0144628 1.0117928 1.0117928 1.0181892 0.9806426 0.9828545 1.0691533 1.0501079 1.0124950 1.0070553 0.9898009 0.9962458 0.9919088 0.9859054 0.9914932 0.9967242 0.9790723 0.9967242 0.9883531 1.0027796 0.9967242 0.9942857 0.9883531 0.9859257 1.0104468 0.9860415 1.0129938 1.0053085 0.9935962 0.9867373 1.0069128 1.0148866 1.0063314 1.0321315 1.0008567 0.9984074 0.9794963 1.0096271 0.9865329 1.0533841 1.0150599 0.9997983 1.0621584 
M_hexasticha_PP135375.1           0.0195841 0.0178104 0.0146273 0.0161083 0.0170089 0.0175452 0.0159110 0.0129955 0.0156777 0.0176430 0.0170648 0.0170795 0.0159876 0.0158914 0.0155848 0.0182553 0.0171148 0.0152377 0.0078212 0.0000010 0.0000010 0.0000000 0.0103510 0.0038624 0.0064536 0.0038393 0.0038619 0.0051643 0.0078207 0.0050805 0.0132756 0.0091714 0.0090132 0.0103918 0.0064237 0.0078906 0.0065637 0.0064618 0.0105371 0.0118587 1.0051460 1.0593585 1.0184298 1.0325140 1.0158633 1.0618739 0.9945868 0.9975051 1.0072623 1.0480759 0.9960912 1.0105448 1.0125562 1.0660896 1.0072187 1.0119671 1.0068976 1.0165856 1.0139291 1.0139291 1.0203284 0.9827621 0.9850200 1.0719187 1.0525019 1.0146189 1.0092385 0.9918617 0.9983331 0.9941505 0.9879593 0.9935604 0.9987990 0.9811206 0.9987990 0.9904096 1.0048728 0.9987990 0.9963578 0.9904096 0.9879796 1.0125586 0.9881206 1.0151387 1.0074235 0.9956617 0.9888031 1.0090105 1.0170160 1.0084393 1.0532545 1.0029535 1.0005016 0.9816138 1.0117640 0.9885841 1.0565489 1.0173964 1.0020747 1.0653788 
M_trimera_PP135377.1              0.0273273 0.0234391 0.0200898 0.0216204 0.0212283 0.0231127 0.0227298 0.0212696 0.0212260 0.0232604 0.0253318 0.0253275 0.0243624 0.0213575 0.0239285 0.0266954 0.0225819 0.0183304 0.0104828 0.0103626 0.0104437 0.0103510 0.0000000 0.0064530 0.0051336 0.0064014 0.0064585 0.0077653 0.0051748 0.0076968 0.0159825 0.0173461 0.0143151 0.0185574 0.0143880 0.0159631 0.0146056 0.0144902 0.0199841 0.0159145 1.0242776 1.0908380 1.0401533 1.0546199 1.0382549 1.0941670 1.0163418 1.0192795 1.0284216 1.0739067 1.0180666 1.0328366 1.0395192 1.0951704 1.0284640 1.0333340 1.0280343 1.0376257 1.0351331 1.0351331 1.0414921 1.0041529 1.0068549 1.1117211 1.0758376 1.0356918 1.0309691 1.0125496 1.0192164 1.0166505 1.0086211 1.0142951 1.0195508 1.0018040 1.0195508 1.0110710 1.0257432 1.0195508 1.0171101 1.0110710 1.0086413 1.0335325 1.0090385 1.0364154 1.0284845 1.0163551 1.0095773 1.0298806 1.0381175 1.0294186 1.0714824 1.0238816 1.0214311 1.0029985 1.0329992 1.0092130 1.0874863 1.0405742 1.0248301 1.0967379 
M_excoriata_PP135379.1            0.0218290 0.0163814 0.0146165 0.0175246 0.0200011 0.0189339 0.0172382 0.0144931 0.0171681 0.0190635 0.0185092 0.0184897 0.0173944 0.0172537 0.0171199 0.0198939 0.0185453 0.0168031 0.0092264 0.0038701 0.0038697 0.0038624 0.0064530 0.0000000 0.0025648 0.0000010 0.0000010 0.0012802 0.0038922 0.0012765 0.0146364 0.0120443 0.0117885 0.0132800 0.0077994 0.0106440 0.0092961 0.0092408 0.0119484 0.0119683 1.0112524 1.0783351 1.0343763 1.0357360 1.0322997 1.0813283 1.0105665 1.0134978 1.0228011 1.0637014 1.0122316 1.0269104 1.0289561 1.0836132 1.0228204 1.0276552 1.0224200 1.0320327 1.0294971 1.0294971 1.0358645 0.9984796 1.0010616 1.0880441 1.0696127 1.0300906 1.0251936 1.0070608 1.0136729 1.0106758 1.0031406 1.0087931 1.0140422 0.9963203 1.0140422 1.0055898 1.0202011 1.0140422 1.0116024 1.0055898 1.0031609 1.0279586 1.0034894 1.0307597 1.0228893 1.0108634 1.0040665 1.0243359 1.0325079 1.0238449 1.0535154 1.0183249 1.0158743 0.9973270 1.0273555 1.0037411 1.0752090 1.0344071 1.0187840 1.0842631 
M_neosuaveolens_PP135385.1        0.0236714 0.0205874 0.0173345 0.0188889 0.0186013 0.0202807 0.0199429 0.0172231 0.0185422 0.0204019 0.0212535 0.0212095 0.0201660 0.0185795 0.0198665 0.0226306 0.0198683 0.0152315 0.0078711 0.0064730 0.0064856 0.0064536 0.0051336 0.0025648 0.0000000 0.0025594 0.0025744 0.0012798 0.0000010 0.0012736 0.0132580 0.0133074 0.0117028 0.0145418 0.0104477 0.0119059 0.0105629 0.0105109 0.0159915 0.0132677 1.0171795 1.0777197 1.0334897 1.0413098 1.0313884 1.0806945 1.0097067 1.0126338 1.0219509 1.0659101 1.0113610 1.0260096 1.0312384 1.0861137 1.0219667 1.0267910 1.0215712 1.0311768 1.0286374 1.0286374 1.0349991 0.9976481 1.0002098 1.0903479 1.0686159 1.0292355 1.0243175 1.0062471 1.0128441 1.0097863 1.0023324 1.0079757 1.0132183 0.9955188 1.0132183 1.0047788 1.0193655 1.0132183 1.0107811 1.0047788 1.0023526 1.0271100 1.0026707 1.0298956 1.0220439 1.0100453 1.0032529 1.0234956 1.0316489 1.0230007 1.0526362 1.0174891 1.0150412 0.9964971 1.0264969 1.0029335 1.0746066 1.0334610 1.0178744 1.0836453 
M_sucrei_PP135384.1               0.0216784 0.0191980 0.0159876 0.0174501 0.0198586 0.0189319 0.0172550 0.0144642 0.0171338 0.0190415 0.0184535 0.0184506 0.0173923 0.0172523 0.0170860 0.0197935 0.0184892 0.0167615 0.0091522 0.0038431 0.0038733 0.0038393 0.0064014 0.0000010 0.0025594 0.0000000 0.0000010 0.0012801 0.0038766 0.0012688 0.0146342 0.0105644 0.0103419 0.0117951 0.0077610 0.0092161 0.0078844 0.0078149 0.0118638 0.0118706 1.0152230 1.0783351 1.0316501 1.0459346 1.0294934 1.0813283 1.0078786 1.0108022 1.0201657 1.0637014 1.0095134 1.0241262 1.0289561 1.0836132 1.0201741 1.0249853 1.0197881 1.0293964 1.0268445 1.0268445 1.0332061 0.9958580 0.9983808 1.0880441 1.0666193 1.0274534 1.0224834 1.0045108 1.0110875 1.0078954 1.0006005 1.0062344 1.0114725 0.9937892 1.0114725 1.0030456 1.0176061 1.0114725 1.0090367 1.0030456 1.0006208 1.0253374 1.0009172 1.0280958 1.0202669 1.0083063 1.0015110 1.0217348 1.0298630 1.0212311 1.0631043 1.0157259 1.0132794 0.9947082 1.0247025 1.0012040 1.0752090 1.0314981 1.0159569 1.0842631 
M_neoglabra_PP135383.1            0.0216482 0.0191373 0.0160516 0.0176123 0.0200200 0.0190288 0.0173418 0.0145066 0.0171841 0.0190211 0.0185458 0.0185809 0.0174809 0.0173384 0.0171362 0.0199131 0.0185620 0.0167615 0.0091708 0.0038736 0.0038883 0.0038619 0.0064585 0.0000010 0.0025744 0.0000010 0.0000000 0.0012850 0.0038689 0.0012764 0.0146928 0.0119586 0.0117869 0.0131851 0.0078061 0.0106097 0.0092672 0.0091746 0.0119596 0.0119664 1.0152230 1.0824065 1.0272679 1.0323386 1.0294934 1.0813283 1.0078786 1.0108022 1.0158049 1.0637014 1.0095134 1.0241262 1.0289561 1.0836132 1.0182827 1.0206220 1.0154288 1.0251347 1.0225297 1.0225297 1.0289501 0.9958580 0.9983808 1.0880441 1.0666193 1.0346980 1.0217677 1.0001220 1.0067105 1.0078954 0.9986505 1.0071264 1.0071264 0.9893141 1.0071264 0.9986505 1.0132845 1.0071264 1.0046708 0.9986505 0.9962060 1.0210577 0.9964498 1.0237753 1.0159273 1.0039469 1.0085570 1.0174466 1.0255927 1.0193695 1.0568530 1.0113770 1.0089105 0.9947082 1.0228389 0.9968011 1.0752090 1.0314981 1.0159569 1.0842631 
M_neoregeliana_PP135387.1         0.0237695 0.0205439 0.0172989 0.0188692 0.0214178 0.0202807 0.0186200 0.0158715 0.0185601 0.0204229 0.0199094 0.0198893 0.0187305 0.0185989 0.0185091 0.0213051 0.0199484 0.0183266 0.0105745 0.0051800 0.0051641 0.0051643 0.0077653 0.0012802 0.0012798 0.0012801 0.0012850 0.0000000 0.0025895 0.0000010 0.0159468 0.0134213 0.0131344 0.0146489 0.0091344 0.0119592 0.0106118 0.0105900 0.0133244 0.0133351 1.0152230 1.0783351 1.0316501 1.0329934 1.0294934 1.0813283 1.0078786 1.0108022 1.0201657 1.0637014 1.0095134 1.0241262 1.0289561 1.0836132 1.0201741 1.0249853 1.0197881 1.0293964 1.0268445 1.0268445 1.0332061 0.9958580 0.9983808 1.0880441 1.0666193 1.0274534 1.0224834 1.0045108 1.0110875 1.0078954 1.0006005 1.0062344 1.0114725 0.9937892 1.0114725 1.0030456 1.0176061 1.0114725 1.0090367 1.0030456 1.0006208 1.0253374 1.0009172 1.0280958 1.0202669 1.0083063 1.0015110 1.0217348 1.0298630 1.0212311 1.0442580 1.0157259 1.0132794 0.9947082 1.0247025 1.0012040 1.0752090 1.0314981 1.0159569 1.0842631 
Myrcia_aff._racemosa_PP135388.1   0.0235438 0.0206534 0.0175128 0.0191059 0.0187559 0.0205140 0.0201686 0.0187152 0.0186766 0.0204868 0.0227886 0.0228322 0.0217752 0.0187898 0.0213852 0.0242070 0.0200333 0.0151957 0.0078637 0.0078444 0.0078748 0.0078207 0.0051748 0.0038922 0.0000010 0.0038766 0.0038689 0.0025895 0.0000000 0.0025720 0.0133938 0.0146075 0.0117980 0.0158298 0.0118590 0.0132527 0.0118928 0.0117996 0.0174955 0.0133907 1.0216650 1.0971700 1.0371300 1.0422915 1.0356936 1.0831342 1.0139176 1.0168445 1.0253507 1.0708244 1.0156126 1.0303030 1.0364263 1.0916124 1.0278801 1.0302867 1.0249625 1.0346722 1.0321291 1.0321291 1.0385627 1.0019921 1.0044490 1.0954002 1.0730495 1.0443619 1.0316194 1.0093767 1.0160864 1.0141418 1.0078860 1.0164445 1.0164445 0.9985130 1.0164445 1.0078860 1.0226870 1.0164445 1.0139771 1.0078860 1.0054295 1.0305443 1.0057905 1.0334150 1.0254288 1.0132229 1.0179545 1.0268683 1.0351605 1.0288502 1.0688588 1.0207966 1.0183183 1.0006535 1.0324542 1.0060127 1.0837313 1.0379151 1.0222686 1.0928910 
M_neoobscura_PP135386.1           0.0232944 0.0205656 0.0173166 0.0188300 0.0210184 0.0202807 0.0185809 0.0156259 0.0182723 0.0204010 0.0197719 0.0197687 0.0187305 0.0185795 0.0182233 0.0209717 0.0197900 0.0183266 0.0104611 0.0050857 0.0051641 0.0050805 0.0076968 0.0012765 0.0012736 0.0012688 0.0012764 0.0000010 0.0025720 0.0000000 0.0159632 0.0118050 0.0116014 0.0129797 0.0089863 0.0105327 0.0091986 0.0090740 0.0131914 0.0131767 1.0152230 1.0783351 1.0316501 1.0459346 1.0294934 1.0813283 1.0078786 1.0108022 1.0201657 1.0637014 1.0095134 1.0241262 1.0289561 1.0836132 1.0201741 1.0249853 1.0197881 1.0293964 1.0268445 1.0268445 1.0332061 0.9958580 0.9983808 1.0880441 1.0666193 1.0274534 1.0224834 1.0045108 1.0110875 1.0078954 1.0006005 1.0062344 1.0114725 0.9937892 1.0114725 1.0030456 1.0176061 1.0114725 1.0090367 1.0030456 1.0006208 1.0253374 1.0009172 1.0280958 1.0202669 1.0083063 1.0015110 1.0217348 1.0298630 1.0212311 1.0720674 1.0157259 1.0132794 0.9947082 1.0247025 1.0012040 1.0752090 1.0314981 1.0159569 1.0842631 
M_grandis_PP135361.1              0.0242028 0.0235475 0.0202856 0.0188122 0.0217157 0.0233147 0.0230660 0.0216692 0.0216240 0.0205596 0.0258299 0.0258021 0.0244977 0.0216527 0.0243743 0.0243999 0.0202197 0.0091048 0.0080084 0.0133180 0.0132770 0.0132756 0.0159825 0.0146364 0.0132580 0.0146342 0.0146928 0.0159468 0.0133938 0.0159632 0.0000000 0.0136058 0.0106156 0.0106686 0.0092697 0.0093674 0.0080159 0.0080238 0.0174514 0.0162046 1.0322985 1.1101420 1.0476589 1.0490903 1.0459935 1.1139818 1.0238405 1.0267876 1.0357224 1.0828702 1.0256441 1.0405370 1.0488679 1.1052825 1.0357955 1.0407107 1.0353274 1.0448904 1.0424539 1.0424539 1.0488023 1.0115145 1.0143749 1.1079771 1.0839198 1.0429673 1.0384725 1.0196735 1.0264130 1.0244105 1.0157326 1.0214368 1.0267018 1.0089167 1.0267018 1.0181845 1.0329417 1.0267018 1.0242593 1.0181845 1.0157529 1.0407720 1.0162399 1.0437621 1.0357511 1.0234832 1.0167287 1.0370815 1.0454040 1.0366573 1.0495381 1.0310991 1.0286459 1.0103574 1.0403303 1.0163136 1.1064563 1.0485907 1.0326883 1.1159715 
M_multiflora_PP135362.1           0.0217971 0.0268352 0.0234828 0.0235982 0.0258207 0.0250581 0.0218397 0.0202943 0.0230516 0.0221181 0.0244793 0.0244751 0.0234767 0.0232572 0.0243964 0.0214786 0.0216221 0.0138099 0.0065841 0.0092002 0.0107274 0.0091714 0.0173461 0.0120443 0.0133074 0.0105644 0.0119586 0.0134213 0.0146075 0.0118050 0.0136058 0.0000000 0.0078310 0.0091264 0.0052254 0.0065936 0.0052597 0.0051990 0.0190490 0.0190444 1.0367616 1.0884358 1.0338471 1.0524518 1.0323291 1.0873033 1.0102872 1.0132604 1.0219646 1.0676039 1.0119736 1.0268625 1.0390087 1.0884087 1.0245204 1.0269470 1.0215737 1.0314564 1.0288458 1.0288458 1.0353903 0.9981902 1.0006427 1.0925287 1.0701843 1.0412750 1.0282382 1.0058083 1.0125939 1.0103883 1.0042979 1.0129805 1.0129805 0.9947659 1.0129805 1.0042979 1.0193045 1.0129805 1.0104728 1.0042979 1.0018009 1.0272722 1.0021214 1.0301412 1.0220602 1.0097166 1.0144879 1.0235535 1.0319429 1.0255499 1.0719469 1.0173735 1.0148545 0.9968631 1.0291712 1.0023996 1.0877327 1.0344688 1.0186148 1.0971417 
M_polyantha_PP135363.1            0.0179282 0.0235707 0.0202038 0.0174895 0.0225899 0.0217099 0.0213721 0.0213031 0.0212594 0.0204115 0.0239486 0.0239446 0.0229595 0.0213746 0.0239621 0.0224644 0.0197999 0.0105729 0.0065047 0.0090412 0.0104982 0.0090132 0.0143151 0.0117885 0.0117028 0.0103419 0.0117869 0.0131344 0.0117980 0.0116014 0.0106156 0.0078310 0.0000000 0.0090769 0.0051356 0.0065320 0.0052163 0.0051612 0.0172934 0.0172728 1.0134276 1.0761252 1.0300121 1.0443038 1.0277994 1.0790717 1.0061782 1.0091078 1.0185423 1.0618469 1.0077999 1.0224269 1.0269138 1.0815888 1.0185442 1.0233578 1.0181655 1.0278045 1.0252340 1.0252340 1.0316142 0.9941557 0.9966497 1.0861941 1.0649519 1.0258543 1.0208220 1.0028857 1.0094632 1.0061368 0.9989680 1.0046099 1.0098594 0.9921382 1.0098594 1.0014190 1.0159987 1.0098594 1.0074176 1.0014190 0.9989883 1.0237407 0.9992652 1.0264829 1.0186514 1.0066900 0.9998718 1.0201375 1.0282677 1.0196241 1.0621288 1.0141094 1.0116569 0.9930035 1.0230843 0.9995756 1.0730265 1.0297499 1.0141996 1.0820820 
M_sp.__PP135364.1                 0.0233299 0.0251213 0.0218450 0.0203886 0.0240325 0.0233868 0.0216278 0.0200176 0.0227369 0.0204878 0.0228242 0.0228204 0.0218094 0.0216306 0.0226377 0.0212518 0.0200332 0.0104866 0.0105035 0.0103849 0.0119745 0.0103918 0.0185574 0.0132800 0.0145418 0.0117951 0.0131851 0.0146489 0.0158298 0.0129797 0.0106686 0.0091264 0.0090769 0.0000000 0.0064634 0.0052148 0.0038999 0.0038515 0.0146517 0.0161014 1.0122160 1.0928480 1.0282422 1.0465129 1.0266468 1.0787045 1.0050356 1.0079674 1.0166489 1.0605571 1.0066475 1.0212738 1.0255244 1.0801608 1.0191530 1.0215189 1.0162684 1.0260587 1.0234362 1.0234362 1.0299142 0.9931318 0.9954923 1.0848849 1.0637900 1.0357163 1.0226922 1.0008043 1.0074602 1.0049549 0.9993185 1.0078751 1.0078751 0.9898965 1.0078751 0.9993185 1.0140939 1.0078751 1.0053971 0.9993185 0.9968515 1.0219418 0.9971057 1.0246974 1.0167684 1.0046645 1.0093247 1.0182938 1.0265235 1.0202385 1.0647073 1.0121712 1.0096821 0.9918660 1.0237496 0.9974510 1.0794931 1.0285589 1.0130134 1.0886470 
M_inaequiloba_PP135365.1          0.0178340 0.0221343 0.0188117 0.0203554 0.0225273 0.0218009 0.0200837 0.0170745 0.0197474 0.0191161 0.0212770 0.0213174 0.0202491 0.0200843 0.0196959 0.0197762 0.0185215 0.0105851 0.0065312 0.0064049 0.0065109 0.0064237 0.0143880 0.0077994 0.0104477 0.0077610 0.0078061 0.0091344 0.0118590 0.0089863 0.0092697 0.0052254 0.0051356 0.0064634 0.0000000 0.0039337 0.0026178 0.0025851 0.0146343 0.0159989 1.0031891 1.0623824 1.0204566 1.0262079 1.0179475 1.0649810 0.9965763 0.9995013 1.0092187 1.0505404 0.9981032 1.0126107 1.0150549 1.0689001 1.0091828 1.0139503 1.0088513 1.0185461 1.0159004 1.0159004 1.0223064 0.9846987 0.9870002 1.0745195 1.0547385 1.0165792 1.0112505 0.9937498 1.0002495 0.9962068 0.9898387 0.9954556 1.0007042 0.9829908 1.0007042 0.9922930 1.0067987 1.0007042 0.9982591 0.9922930 0.9898590 1.0145064 0.9900234 1.0171188 1.0093710 0.9975565 0.9906941 1.0109431 1.0189829 1.0103810 1.0612872 1.0048816 1.0024257 0.9835478 1.0137345 0.9904616 1.0595144 1.0195558 1.0041682 1.0684046 
M_hirtiflora_PP135366.1           0.0201199 0.0221930 0.0190001 0.0191004 0.0189134 0.0190858 0.0161231 0.0148307 0.0175655 0.0148656 0.0174465 0.0173920 0.0162017 0.0161025 0.0175159 0.0160414 0.0146859 0.0090443 0.0079291 0.0079156 0.0093034 0.0078906 0.0159631 0.0106440 0.0119059 0.0092161 0.0106097 0.0119592 0.0132527 0.0105327 0.0093674 0.0065936 0.0065320 0.0052148 0.0039337 0.0000000 0.0012933 0.0012973 0.0148740 0.0148900 1.0071457 1.0950829 1.0298789 1.0481469 1.0217339 1.0750121 1.0002971 1.0032197 1.0182635 1.0548283 1.0018585 1.0163909 1.0196144 1.0736750 1.0207697 1.0231397 1.0178820 1.0276472 1.0250420 1.0250420 1.0315052 0.9910222 0.9907530 1.0789047 1.0586072 1.0373008 1.0243412 1.0024109 1.0090701 1.0000548 1.0009257 1.0094740 1.0094740 0.9915224 1.0094740 1.0009257 1.0156908 1.0094740 1.0070005 1.0009257 0.9984631 1.0235316 0.9987371 1.0263065 1.0183753 1.0062646 1.0109333 1.0198831 1.0281159 1.0218328 1.0472645 1.0137761 1.0112916 0.9872303 1.0253572 0.9990590 1.0725433 1.0234697 1.0080435 1.0815828 
M_racemosa_PP135369.1             0.0182237 0.0207717 0.0176147 0.0177040 0.0203271 0.0205110 0.0175205 0.0162272 0.0189734 0.0162690 0.0188481 0.0187890 0.0176080 0.0174997 0.0189215 0.0174331 0.0160706 0.0075129 0.0065944 0.0065835 0.0079594 0.0065637 0.0146056 0.0092961 0.0105629 0.0078844 0.0092672 0.0106118 0.0118928 0.0091986 0.0080159 0.0052597 0.0052163 0.0038999 0.0026178 0.0012933 0.0000000 0.0000010 0.0135006 0.0135121 1.0030750 1.0796994 1.0195108 1.0375424 1.0177737 1.0655564 0.9964974 0.9994099 1.0081891 1.0501805 0.9980170 1.0124605 1.0148610 1.0683961 1.0106493 1.0129569 1.0078193 1.0176120 1.0149334 1.0149334 1.0214027 0.9847114 0.9869619 1.0740273 1.0543945 1.0271610 1.0139665 0.9925950 0.9991470 0.9961268 0.9911256 0.9996130 0.9996130 0.9817315 0.9996130 0.9911256 1.0057600 0.9996130 0.9971443 0.9911256 0.9886680 1.0135367 0.9888192 1.0161603 1.0083478 0.9964381 1.0009933 1.0099442 1.0180502 1.0118377 1.0371653 1.0038215 1.0013419 0.9835246 1.0152333 0.9892783 1.0668930 1.0193688 1.0040521 1.0758285 
M_decorticans_PP135367.1          0.0178350 0.0208150 0.0176322 0.0176845 0.0200023 0.0191473 0.0174660 0.0159686 0.0187091 0.0162525 0.0186394 0.0186172 0.0175704 0.0174449 0.0186008 0.0171220 0.0159114 0.0075126 0.0065109 0.0064746 0.0079113 0.0064618 0.0144902 0.0092408 0.0105109 0.0078149 0.0091746 0.0105900 0.0117996 0.0090740 0.0080238 0.0051990 0.0051612 0.0038515 0.0025851 0.0012973 0.0000010 0.0000000 0.0120199 0.0133494 0.9976477 1.0664612 1.0105165 1.0283524 1.0086309 1.0522710 0.9876413 0.9905417 0.9994431 1.0396091 0.9890705 1.0033654 1.0038958 1.0564920 1.0018650 1.0041188 0.9990834 1.0089022 1.0061598 1.0061598 1.0126368 0.9759455 0.9780892 1.0630407 1.0448174 1.0137890 1.0049646 0.9840659 0.9905279 0.9869735 0.9826096 0.9910475 0.9910475 0.9732202 0.9910475 0.9826096 0.9971367 0.9910475 0.9885822 0.9826096 0.9801555 1.0048601 0.9802015 1.0073546 0.9996421 0.9879013 0.9923604 1.0013151 1.0093145 1.0031610 1.0457816 0.9951771 0.9927009 0.9748370 1.0064470 0.9807785 1.0541569 1.0099089 0.9947844 1.0629057 
